0:1,2
1:0,2,6,12
2:0,1,3,6
3:2,6,5,4
4:3,5,8
5:3,6,11,4
6:2,1,11,5,3
7:8,9,10
8:4,9,7
9:8,7,10,16
10:7,9
11:5,6,12
12:1,11,15
13:15,18,17,14
14:13,17,19,16
15:12,18,13
16:9,14,19,21,25,20
17:14,19,23,18,13
18:15,13,17,23
19:14,17,23,24,21,16
20:16,25,22
21:16,25,24,19
22:20,25,26
23:18,17,19,24,27,28
24:19,21,29,27,23
25:16,20,22,21
26:22
27:23,24,29,31,28
28:23,27,31,30
29:24,27,31,36
30:28,31,33,32,35
31:28,27,29,36,33,30
32:37,35,30,33
33:37,32,30,31,40
34:36,39,38
35:30,32,37
36:31,29,34
37:35,32,33,40
38:34,41
39:34,41
40:33,37
41:38,39
